"x"
2.4336128552903
-1.50564065613714
-45.3748004766891
-95.5507785307837
-1.02189956070443
-1.11721234967864
-0.438462734884827
-2.01172396497049
-0.342641850889286
-0.210913386093232
-3.06683931443779
0.0524691411261502
10.8655736088908
0.581018351828477
0.649285968593997
-14.1849966995819
1.26348413531661
-2.75963044431188
1.31631071427431
3.00359968123747
1.11821697937739
-1.21975579507126
69.0064092515422
-0.202881961473436
0.0681839116721322
0.720130210200021
2.78351510140916
1.23222194384292
-0.598305269482554
0.138443271544134
1.42081804598916
-6.37836071476659
-0.68155601915686
3.75313244577355
-1.53653042802931
10.2815865470531
1.19774989761314
0.304216998518808
5.60105030423104
-0.0169441917512844
-0.496128402949324
2.09700562281328
-2.79153226392219
-5.11006821005194
0.178473850130604
9.3604849890324
-20.668640163078
-1.65215736771876
-40.1040170509424
-0.592040139621429
-2.91826884857915
-6.04725166405598
5.07073221909643
7.18756815075934
0.914331656855515
24.8007297085967
-3.03405173400224
-2.04034587745116
45.4426590701013
0.0311657538566434
1.05239195807447
5.51346999513927
1.77332498931325
-2.42970511327068
-4.693452107971
5.29358247470861
-1.52452982964265
0.967667084952325
0.14988805668491
-1.74483085623455
-1.44504193457371
17.8091818009528
6.71037664979111
0.669601592137185
136.713201636931
6.50752802041443
-27.1314686498993
1.28570561942939
-5.80701064729276
-5.57465092061837
0.868807668053452
-1.59191389772793
-0.0894137909614623
-2.1795969264189
-15.5342228409566
1.93880142282491
2.74093979692773
-4.02732079752933
4.6810306281332
-0.598476902782432
-2.19696046309007
16.8040616672698
-1.86110867277084
26.6675182223661
-14.6949869181468
0.190669291358081
5.25209216621813
-1.49956989269495
-2.94865907519038
2.72054171819218
-0.735281963455691
-1.63419903225407
-1.24010861023962
-0.782823055699673
-5.09836277690013
-0.640862035810535
-1.10096517203911
-0.0379856122293446
0.161536935379403
-3.20725356061538
1.44930730615116
1.81622721072447
9.25738341770145
-1.11953097236212
7.22493547411627
-16.1257393556826
-0.917279012437548
-1.53879788552141
1.0650904289896
0.544321048236223
-2.87104054957543
2.21355253917306
13.0067564570245
-2.70137671801579
0.443834847580676
20.5677166389634
2.72576230703159
-12.3789457861495
2.87002664113334
5.15902012161387
1.15246060645678
-3.72068634899312
0.929284406365059
3.4259434397584
0.604161530086542
-1.68802650128805
-0.940420022767143
3.25760167212295
-7.41773927021033
1.81601047441565
-1.65134572241602
-0.475119974763802
-3.33308384001389
-1.77305929657475
15.7858651998723
-9.42767048009149
-15.4687255148552
10.6397482789554
0.794424948708594
-2.77982252849192
-36.1844202235463
-3.03572540957293
-0.54934297033259
-0.0682835937678321
-5.1858979368995
1.64999567691577
1.12435968527993
0.451464094681032
-2.25047181611582
-2.91820074445726
0.500748151838678
-2.46046725863265
2.52239417988925
-0.317193586226145
1.05932512643173
5.10177068315976
0.218656337776205
-5.09079571307145
-2.26543623996694
1.54719279032453
-0.160457585289266
6.44276332507294
89.5614261114195
1.21302192768231
1.66151710315299
-1.67593417318163
4.30795141011538
-0.581702630597917
1.90830420881636
18.4001040563001
1.11728963784457
-0.184823000712051
15.4041807880311
25.0475602909651
-0.964866374991406
1.26305078937942
-1.42172353073232
-2.17026292087535
5.6003915429626
1.34242893667825
-0.868488698492235
1.97840941557092
-0.229761808675312
-3.61120336669293
-177.426230037787
1.59591790940482
-4.76583884473338
1.13122813763502
0.857185748007083
-2.15839140522718
-4.83663921280537
-5.48198283126555
-1.69279418079209
0.624243735919777
1.42314784015004
-0.163361000052285
-1.2631593987927
-2.43358067409775
-0.819573050706021
-2.13368129498595
0.200285951092361
0.65688416150519
-1.44353715803714
0.379066115598545
0.945598959577036
-0.935921591829049
1.31347023752999
-2.90765214130734
-4.98048067911354
-0.9189869698992
-5.36111414395954
-2.33746351591452
-2.584901301204
-1.81139637245732
0.911251860725299
2.06404211427457
0.922540011883934
0.413806517714253
-2.65020750375282
-3.80796525806268
3.11425681986008
-2.13905375755659
8.53765632555269
0.955909058988667
-2.98658640589827
-15.2487516634674
-1.29824465761162
-0.917447733567009
-0.585658827599311
-57.2896717307374
16.6288930075215
0.957323464801224
-0.242163636447617
-1.04747495583848
-3.8081319900966
1.02709322701791
20.0868197196957
-18.4622722605625
-67.8705036226643
4.07093643606861
5.30867844230452
0.226997956946126
0.180606924446918
2.39315471212284
-3.96888685859974
-1.60859553655931
12.5227499077066
0.925242957502224
-0.511740424301989
7.47846033133379
13.4281956221555
-8.44935934631762
29.8456925190147
-0.389973780467628
4.58104058945205
1.59854129302613
0.3655439754405
0.669895371004551
2.38528753217782
61.035490881174
4.89456874427834
1.65560344064432
20.960003845233
-9.79996090005269
1.58020814722135
-57.0133264106716
-12.8216386108785
0.469045840422616
-3.81216536741257
16.216419271011
-0.19989028116785
-2.87833811513047
107.1744657245
-1.25266213629976
3.92119559968156
1.44177522542977
-5.47426128957309
5.7157017855481
1.84505842961787
-6.72772485531858
0.767283534052397
-0.508515609447198
-3.72117028004782
11.2539172551898
0.353661493031528
-2.68482211051525
-1.11605149625399
-1.5033521920588
-8.5147514508761
0.670232109467159
1.63102152436362
12.9546780923118
1.27597883474877
1.98950395704307
-1.75092365595716
-13.462861771422
-4.00052225949481
0.98036364988415
-0.218075812644841
0.807329431468676
0.224837716171149
0.486493986585704
-1.45635574166949
0.449352983789123
6.81062348416476
-8.44647239909076
4.55617043847638
1.42425609593181
0.491104676178641
0.711989792733253
-0.117015178050661
5.77351149560761
1.984521873881
6.36375954907353
-3.29512525975627
2.09480035734485
-0.0634108781154947
-1.0494641747403
-4.9131852789327
-1.0213095918262
-0.258283590285608
-15.6951620938016
-1.60739772691653
-0.0101965995612553
-1.39233937069255
-0.255157941495446
0.31508740980815
15.7811190772563
1.77500144840732
1.47026074596707
12.7338211772524
0.0299487666813186
-1.06457819108199
-0.937974649751139
2.57520091681049
2.29695893843103
1.41034634034192
-4.3078220075242
-85.2276444775377
7.25913105018835
-0.276797938555248
2.82524917545611
2.11965580899802
-0.2045114349919
-4.15557627279737
1.71670867227697
0.125987339087441
-19.4115438245365
-19.973581596681
0.799371190888933
0.776870374047655
-1.53388417342774
-5.50985000935347
2.62280911278485
-0.444950370807207
-2.39311932577613
-44.6726050448543
8.43630530412583
1.37762898920146
0.83858976969371
5.09933250325846
6.66137163103269
0.799100360654211
4.00439714021947
-2.27008150940687
26.7096298134241
17.8293416955455
-0.333287460988452
-5.51594228640731
0.0899804120437776
-1.54111942230671
-1.69387621290337
1.25447526942607
2.87962205359444
-0.571625167714546
-465.284561865445
6.53683508024843
-0.0957474434095962
1.42654280940602
2.27138954790091
-0.194887839609579
0.93932385973156
1.03073070748079
-1.39654602516428
-1.44563497001461
-1.42247346151889
-2.57315203936749
3.95668148775156
11.1041293469013
-3.05028729347192
-0.667272774987588
-5.79442355183361
-36.1164919490689
-0.250594844506787
0.460567647563109
-0.15060238371833
3.53211719297764
-0.825633271181323
2.37714425898609
1.46857457129419
3.30747019866768
-2.47332257052933
1.05342491728822
28.2487818818056
-2.49314796688804
2.21665692714422
30.2640438884285
-116.988558759863
1.18371494653732
6.25607261571739
-3.12910498133528
2.65282162655439
3.10219931313117
0.488458679834562
-5.81632035340183
-1.6946341924556
1.81737152091512
-1.16317215723994
-0.0170338063382187
-1.21437244162168
-0.204030737170751
0.781701953202822
-0.853119586838898
3.41143470884929
1.10703843401123
-4.43481638977778
-23.4599025839436
-2.34325861419161
-1.16312306158624
17.9421182432277
-6.33978522056552
2.3632326785579
-1.56656712053713
-1.88981700569471
22.4726425940946
2.91800493083604
0.843381705079196
-0.896055300933631
-0.991074020663964
1.75360857738619
0.479756380755389
4.97666243278382
-1.91976869558664
-0.302148199205657
-1.50045819167915
0.476641886270717
-2.37855476985157
-2.15075626011591
-1.84203137437931
8.27452747066222
0.0843338162899934
-1.0124660736752
2.32603313985337
-3.45451240438777
5.45271094443707
-3.17653518922326
-3.18110619440968
-6.73141138986111
1.46973947857174
18.5677793510341
8.79726921919764
-0.597387538406644
-0.973379620496601
0.463262341675815
-1.30049143569685
3.13320197992352
0.564690976464353
2.62402873237872
-0.86424268810833
-2.16931231956971
2.22292483776526
3.99038722600708
1.46654184998401
-3.48446695608277
0.619123762276323
2.63743628758846
-2.30833574416812
2.43044970227172
-13.2465491506656
4.97058334749331
13.7510506402733
-1.26145333416442
-0.668637660976756
1.54936866960789
39.2199063681766
-0.609639939453519
-2.27160516889838
-7.17763132974834
-1.39476581758203
0.210216683070534
